adopt:0.924750724195516
aloud:0.9314293837436648
agony:0.9079968721229909
aback:0.8054842412400895
actor:0.9372159348424496
abode:0.9385548344723073
annul:0.8761786088290489
amend:0.9316978376274482
alley:0.9006730555481326
after:0.9430593682109303
anger:0.9455626694746023
alert:0.9576556581437459
apnea:0.9172564034483149
about:0.919504527914282
abort:0.9346373274207888
acute:0.9396625677912277
alpha:0.8524832061501628
adore:0.9562371376000426
abase:0.9220629225475413
abate:0.9092960474721331
allot:0.8988520859633691
agora:0.8943772206283618
anode:0.9496778291896246
adapt:0.8720204739085731
again:0.8762462482723566
angle:0.9380899284495056
amiss:0.9378733586128236
algae:0.9058277742518765
apple:0.9018727835021835
adult:0.9232995398806179
above:0.9204842330383904
abbey:0.8903145452224958
adorn:0.9402288111435931
abbot:0.8720050216150234
allow:0.8633515173546208
adage:0.8981345111689368
altar:0.9146274334360655
antic:0.921380133242884
angry:0.9086354559815504
abuse:0.948467320289123
apply:0.8417782791770072
amity:0.9192341008915463
adept:0.9342262488679569
alibi:0.8668528584829662
acorn:0.9367306971672407
agree:0.9277232343514749
affix:0.7790316858312337
agape:0.8922009730997954
abide:0.9375849237249835
afoot:0.8716628186889412
admit:0.9194480438383125
abhor:0.9168843241070392
agate:0.9083201222168036
alloy:0.8793284756551796
among:0.9052206774128346
acrid:0.9302686668876595
alter:0.9617202413134232
anvil:0.903054646227605
apron:0.9370223889232355
admin:0.9111207790960475
ahead:0.8966024935294501
alien:0.9592642300112225
angst:0.9318998466491489
aider:0.956858747708571
afire:0.9459926473707903
abled:0.9351754238260327
agent:0.934064059218163
abyss:0.9202424165313194
afoul:0.9121915398314103
adobe:0.9381539247173283
amble:0.9281780904403599
annoy:0.8829029239614007
angel:0.9415835256014706
aping:0.9016051260059543
aloof:0.8714937408820677
allay:0.8000037049845955
aloft:0.9215562953321011
ample:0.9327319407679288
align:0.9180904053309431
aorta:0.9229249049677941
anime:0.9454717743295459
agile:0.9446459265032385
amass:0.8871520312883278
amply:0.8881858907581089
aisle:0.9677420951831339
alone:0.9582444142989778
alike:0.945854444434946
aging:0.8579529971185864
ankle:0.9399035760245026
apart:0.8916892941732607
along:0.9233905895485698
amaze:0.8632993480344893
alarm:0.8958914978462688
alive:0.9349302434738265
aglow:0.8958735612994596
amuse:0.9511217628128101
aphid:0.9028887836865417
annex:0.8803365179083217
album:0.8845256822228799
amber:0.9365881081573708
